53432 9.20379e-05 0.00020415 2.9437e-07 2.69946e-07 
53505.1 9.9527e-05 0.000152551 -2.84423e-08 2.29805e-07 
53578.2 0.000107016 0.000100951 -3.51254e-07 1.89664e-07 
53651.2 -5.43482e-05 9.54995e-05 4.92279e-07 1.80125e-07 
53724.2 -5.30079e-05 7.96229e-05 1.02596e-07 2.08806e-07 
53797.2 0.000141447 9.8038e-05 -1.01388e-07 2.36257e-07 
53870.2 0.00018314 0.000133692 -2.64711e-07 2.7709e-07 
53943.2 4.879e-05 0.000146843 1.8506e-07 3.2522e-07 
54016.2 0.000242985 9.7746e-05 -5.01735e-07 1.98189e-07 
54089.2 -5.73697e-05 0.000129079 -2.56104e-07 2.33336e-07 
54162.2 -5.03093e-06 0.000152036 -2.88352e-07 3.03076e-07 
54235.2 -0.000247846 0.000131669 3.58436e-07 2.65329e-07 
54308.2 -0.000167563 0.000135755 3.33633e-07 2.77018e-07 
54381.2 2.71767e-05 0.000100838 -1.38384e-07 1.76143e-07 
54454.2 -0.000127555 9.53337e-05 -2.14664e-07 1.87613e-07 
54527.2 -7.14217e-05 9.67602e-05 1.12585e-07 1.97875e-07 
54600.2 2.61701e-05 0.000132191 -4.63699e-07 2.32957e-07 
54673.2 0.000142706 0.000115089 2.07378e-07 2.69847e-07 
54746.2 -0.000272237 0.000123097 2.42028e-07 2.66203e-07 
54819.2 -0.000687181 0.000131105 2.76678e-07 2.62559e-07 
54892.2 -1.07423e-05 0.000113299 2.2705e-08 2.1959e-07 
54965.2 -0.000130946 0.000100869 8.80653e-08 2.02243e-07 
55038.2 -5.533e-05 9.49251e-05 1.18255e-07 1.82786e-07 
55111.2 2.02855e-05 8.8981e-05 1.48445e-07 1.63329e-07 
55184.2 -0.000114304 9.84838e-05 -8.85235e-08 2.18027e-07 
55257.2 -0.000114808 0.000102241 4.37333e-07 2.09861e-07 
55330.2 9.41205e-06 0.000100802 2.78799e-07 1.79999e-07 
55403.2 0.000307839 0.000110231 -3.68022e-07 1.78024e-07 
55476.2 0.000161142 9.07697e-05 -7.92727e-09 1.83461e-07 
55549.2 -3.22276e-05 0.000109181 1.84528e-07 1.93597e-07 
55622.2 0.000364204 0.000156501 -4.78125e-07 1.872e-07 
